t5-large_tempsoft1_verbsoft_epoch10_optimsgd_stk16_100_bs8_prlr0.5_joint_tuneFalse
0 0.6458333333333334 0.6696969696969697 0.6458333333333334 0.6329284750337383 0.7022569444444444

t5-large_tempsoft0_verbsoft_epoch10_optimadamw_stk16_100_bs8_prlr0.5_joint_tuneFalse_cvFalse_mFalse
0 0 0.6041666666666667 0.6318681318681318 0.6041666666666667 0.5822262940907008 0.5746527777777778
0 1 0.6875 0.7181818181818183 0.6875 0.6761133603238867 0.6857638888888888
0 2 0.5625 0.6254355400696865 0.5625 0.4997518610421836 0.5355902777777779

flan-t5-base_tempsoft1_verbsoft_epoch15_optimadamw_stk16_100

precision,recall,f1-score,support
0.5217391304347826,1.0,0.6857142857142856,24.0
1.0,0.08333333333333333,0.15384615384615385,24.0
0.5416666666666666,0.5416666666666666,0.5416666666666666,0.5416666666666666
0.7608695652173914,0.5416666666666666,0.41978021978021973,48.0
0.7608695652173912,0.5416666666666666,0.4197802197802198,48.0

flan-t5-base_tempsoft1_verbsoft_epoch15_optimadamw_stk32_100
precision,recall,f1-score,support
0.5106382978723404,1.0,0.676056338028169,24.0
1.0,0.041666666666666664,0.07999999999999999,24.0
0.5208333333333334,0.5208333333333334,0.5208333333333334,0.5208333333333334
0.7553191489361701,0.5208333333333334,0.3780281690140845,48.0
0.7553191489361701,0.5208333333333334,0.3780281690140845,48.0

t5-large_tempsoft1_verbsoft_full_100/version_0/
precision,recall,f1-score,support
0.8888888888888888,0.6666666666666666,0.761904761904762,24.0
0.7333333333333333,0.9166666666666666,0.8148148148148148,24.0
0.7916666666666666,0.7916666666666666,0.7916666666666666,0.7916666666666666
0.8111111111111111,0.7916666666666666,0.7883597883597884,48.0
0.811111111111111,0.7916666666666666,0.7883597883597884,48.0


t5-large_tempsoft1_verbsoft_full_100/version_1/
precision,recall,f1-score,support
0.625,0.4166666666666667,0.5,24.0
0.5625,0.75,0.6428571428571429,24.0
0.5833333333333334,0.5833333333333334,0.5833333333333334,0.5833333333333334
0.59375,0.5833333333333334,0.5714285714285714,48.0
0.59375,0.5833333333333334,0.5714285714285715,48.0

t5-large_tempmanual47_verbmanual_epoch10_optimadamw_stk16_100_domain2_bs4_prlr0.5_joint_cvFalse/version_0/
precision,recall,f1-score,support
0.7241379310344828,0.875,0.7924528301886793,24.0
0.8421052631578947,0.6666666666666666,0.744186046511628,24.0
0.7708333333333334,0.7708333333333334,0.7708333333333334,0.7708333333333334
0.7831215970961887,0.7708333333333333,0.7683194383501537,48.0
0.7831215970961888,0.7708333333333334,0.7683194383501536,48.0
t5-large_tempmanual47_verbmanual_epoch10_optimadamw_stk16_100_domain2_bs4_prlr0.5_joint_cvFalse/version_1/

precision,recall,f1-score,support
0.7333333333333333,0.9166666666666666,0.8148148148148148,24.0
0.8888888888888888,0.6666666666666666,0.761904761904762,24.0
0.7916666666666666,0.7916666666666666,0.7916666666666666,0.7916666666666666
0.8111111111111111,0.7916666666666666,0.7883597883597884,48.0
0.811111111111111,0.7916666666666666,0.7883597883597884,48.0

batch size 16 die kora jay ki na dekhte hbe cri cluster e